File ID,1,,
Transmitter Address,3,,
Thermocouple Type,K,,
Start Time,"Sunday, June 14, 2015 9:56:29 AM",,
Interval (seconds),2,,
Number of Records,1337,,
Units (degrees),C,,
Battery Voltage,1.739,,
,,,
Date,Time,Process,Ambient
6/14/2015,9:56:29 AM,26,25.5
6/14/2015,9:56:31 AM,26,25.5
6/14/2015,9:56:33 AM,26,25.5
6/14/2015,9:56:35 AM,26,25.5
6/14/2015,9:56:37 AM,26,25.5
6/14/2015,9:56:39 AM,26,25.5
6/14/2015,9:56:41 AM,26,25.5
6/14/2015,9:56:43 AM,26,25.6
6/14/2015,9:56:45 AM,26,25.6
6/14/2015,9:56:47 AM,26,25.6
6/14/2015,9:56:49 AM,26,25.6
6/14/2015,9:56:51 AM,26,25.6
6/14/2015,9:56:53 AM,26,25.6
6/14/2015,9:56:55 AM,26,25.6
6/14/2015,9:56:57 AM,26,25.6
6/14/2015,9:56:59 AM,26,25.6
6/14/2015,9:57:01 AM,26,25.6
6/14/2015,9:57:03 AM,26,25.6
6/14/2015,9:57:05 AM,26,25.6
6/14/2015,9:57:07 AM,26,25.6
6/14/2015,9:57:09 AM,26,25.6
6/14/2015,9:57:11 AM,26,25.6
6/14/2015,9:57:13 AM,26,25.6
6/14/2015,9:57:15 AM,26,25.6
6/14/2015,9:57:17 AM,26,25.6
6/14/2015,9:57:19 AM,26,25.7
6/14/2015,9:57:21 AM,26,25.7
6/14/2015,9:57:23 AM,26,25.7
6/14/2015,9:57:25 AM,26,25.7
6/14/2015,9:57:27 AM,26,25.7
6/14/2015,9:57:29 AM,26,25.7
6/14/2015,9:57:31 AM,25,25.7
6/14/2015,9:57:33 AM,25,25.7
6/14/2015,9:57:35 AM,25,25.7
6/14/2015,9:57:37 AM,25,25.7
6/14/2015,9:57:39 AM,25,25.7
6/14/2015,9:57:41 AM,25,25.7
6/14/2015,9:57:43 AM,25,25.7
6/14/2015,9:57:45 AM,25,25.7
6/14/2015,9:57:47 AM,25,25.7
6/14/2015,9:57:49 AM,26,25.7
6/14/2015,9:57:51 AM,26,25.7
6/14/2015,9:57:53 AM,26,25.7
6/14/2015,9:57:55 AM,26,25.7
6/14/2015,9:57:57 AM,26,25.7
6/14/2015,9:57:59 AM,26,25.7
6/14/2015,9:58:01 AM,26,25.7
6/14/2015,9:58:03 AM,26,25.7
6/14/2015,9:58:05 AM,25,25.7
6/14/2015,9:58:07 AM,25,25.7
6/14/2015,9:58:09 AM,26,25.7
6/14/2015,9:58:11 AM,26,25.8
6/14/2015,9:58:13 AM,26,25.8
6/14/2015,9:58:15 AM,26,25.8
6/14/2015,9:58:17 AM,26,25.8
6/14/2015,9:58:19 AM,25,25.8
6/14/2015,9:58:21 AM,25,25.8
6/14/2015,9:58:23 AM,25,25.8
6/14/2015,9:58:25 AM,25,25.8
6/14/2015,9:58:27 AM,25,25.8
6/14/2015,9:58:29 AM,25,25.8
6/14/2015,9:58:31 AM,25,25.8
6/14/2015,9:58:33 AM,25,25.8
6/14/2015,9:58:35 AM,25,25.7
6/14/2015,9:58:37 AM,25,25.8
6/14/2015,9:58:39 AM,25,25.8
6/14/2015,9:58:41 AM,25,25.8
6/14/2015,9:58:43 AM,25,25.8
6/14/2015,9:58:45 AM,25,25.8
6/14/2015,9:58:47 AM,25,25.8
6/14/2015,9:58:49 AM,25,25.8
6/14/2015,9:58:51 AM,25,25.8
6/14/2015,9:58:53 AM,25,25.8
6/14/2015,9:58:55 AM,25,25.8
6/14/2015,9:58:57 AM,25,25.8
6/14/2015,9:58:59 AM,25,25.8
6/14/2015,9:59:01 AM,25,25.8
6/14/2015,9:59:03 AM,25,25.8
6/14/2015,9:59:05 AM,25,25.8
6/14/2015,9:59:07 AM,25,25.8
6/14/2015,9:59:09 AM,25,25.8
6/14/2015,9:59:11 AM,25,25.8
6/14/2015,9:59:13 AM,25,25.8
6/14/2015,9:59:15 AM,25,25.8
6/14/2015,9:59:17 AM,25,25.8
6/14/2015,9:59:19 AM,25,25.8
6/14/2015,9:59:21 AM,25,25.8
6/14/2015,9:59:23 AM,25,25.8
6/14/2015,9:59:25 AM,25,25.8
6/14/2015,9:59:27 AM,25,25.8
6/14/2015,9:59:29 AM,25,25.8
6/14/2015,9:59:31 AM,26,25.8
6/14/2015,9:59:33 AM,26,25.8
6/14/2015,9:59:35 AM,26,25.8
6/14/2015,9:59:37 AM,25,25.8
6/14/2015,9:59:39 AM,25,25.8
6/14/2015,9:59:41 AM,25,25.8
6/14/2015,9:59:43 AM,25,25.8
6/14/2015,9:59:45 AM,25,25.8
6/14/2015,9:59:47 AM,25,25.8
6/14/2015,9:59:49 AM,25,25.7
6/14/2015,9:59:51 AM,25,25.8
6/14/2015,9:59:53 AM,25,25.7
6/14/2015,9:59:55 AM,25,25.7
6/14/2015,9:59:57 AM,25,25.7
6/14/2015,9:59:59 AM,25,25.8
6/14/2015,10:00:01 AM,25,25.8
6/14/2015,10:00:03 AM,25,25.8
6/14/2015,10:00:05 AM,25,25.8
6/14/2015,10:00:07 AM,25,25.8
6/14/2015,10:00:09 AM,25,25.8
6/14/2015,10:00:11 AM,25,25.7
6/14/2015,10:00:13 AM,25,25.7
6/14/2015,10:00:15 AM,25,25.7
6/14/2015,10:00:17 AM,25,25.7
6/14/2015,10:00:19 AM,25,25.7
6/14/2015,10:00:21 AM,25,25.7
6/14/2015,10:00:23 AM,25,25.7
6/14/2015,10:00:25 AM,25,25.7
6/14/2015,10:00:27 AM,25,25.7
6/14/2015,10:00:29 AM,25,25.7
6/14/2015,10:00:31 AM,25,25.7
6/14/2015,10:00:33 AM,25,25.7
6/14/2015,10:00:35 AM,25,25.7
6/14/2015,10:00:37 AM,25,25.7
6/14/2015,10:00:39 AM,25,25.7
6/14/2015,10:00:41 AM,25,25.7
6/14/2015,10:00:43 AM,25,25.7
6/14/2015,10:00:45 AM,25,25.7
6/14/2015,10:00:47 AM,25,25.7
6/14/2015,10:00:49 AM,25,25.7
6/14/2015,10:00:51 AM,25,25.7
6/14/2015,10:00:53 AM,25,25.7
6/14/2015,10:00:55 AM,25,25.7
6/14/2015,10:00:57 AM,25,25.7
6/14/2015,10:00:59 AM,25,25.7
6/14/2015,10:01:01 AM,25,25.7
6/14/2015,10:01:03 AM,25,25.7
6/14/2015,10:01:05 AM,25,25.7
6/14/2015,10:01:07 AM,25,25.7
6/14/2015,10:01:09 AM,25,25.7
6/14/2015,10:01:11 AM,25,25.7
6/14/2015,10:01:13 AM,25,25.7
6/14/2015,10:01:15 AM,25,25.7
6/14/2015,10:01:17 AM,25,25.7
6/14/2015,10:01:19 AM,25,25.7
6/14/2015,10:01:21 AM,25,25.7
6/14/2015,10:01:23 AM,25,25.7
6/14/2015,10:01:25 AM,25,25.7
6/14/2015,10:01:27 AM,25,25.7
6/14/2015,10:01:29 AM,25,25.7
6/14/2015,10:01:31 AM,25,25.7
6/14/2015,10:01:33 AM,25,25.7
6/14/2015,10:01:35 AM,25,25.7
6/14/2015,10:01:37 AM,25,25.7
6/14/2015,10:01:39 AM,25,25.7
6/14/2015,10:01:41 AM,25,25.7
6/14/2015,10:01:43 AM,25,25.7
6/14/2015,10:01:45 AM,25,25.7
6/14/2015,10:01:47 AM,25,25.7
6/14/2015,10:01:49 AM,25,25.7
6/14/2015,10:01:51 AM,25,25.7
6/14/2015,10:01:53 AM,25,25.7
6/14/2015,10:01:55 AM,25,25.7
6/14/2015,10:01:57 AM,25,25.7
6/14/2015,10:01:59 AM,25,25.7
6/14/2015,10:02:01 AM,25,25.7
6/14/2015,10:02:03 AM,25,25.7
6/14/2015,10:02:05 AM,25,25.7
6/14/2015,10:02:07 AM,25,25.7
6/14/2015,10:02:09 AM,25,25.7
6/14/2015,10:02:11 AM,25,25.7
6/14/2015,10:02:13 AM,25,25.7
6/14/2015,10:02:15 AM,25,25.7
6/14/2015,10:02:17 AM,25,25.7
6/14/2015,10:02:19 AM,25,25.7
6/14/2015,10:02:21 AM,25,25.7
6/14/2015,10:02:23 AM,25,25.7
6/14/2015,10:02:25 AM,25,25.7
6/14/2015,10:02:27 AM,25,25.7
6/14/2015,10:02:29 AM,25,25.7
6/14/2015,10:02:31 AM,25,25.7
6/14/2015,10:02:33 AM,25,25.7
6/14/2015,10:02:35 AM,25,25.7
6/14/2015,10:02:37 AM,25,25.7
6/14/2015,10:02:39 AM,25,25.7
6/14/2015,10:02:41 AM,25,25.7
6/14/2015,10:02:43 AM,25,25.7
6/14/2015,10:02:45 AM,25,25.7
6/14/2015,10:02:47 AM,25,25.7
6/14/2015,10:02:49 AM,25,25.7
6/14/2015,10:02:51 AM,25,25.7
6/14/2015,10:02:53 AM,25,25.7
6/14/2015,10:02:55 AM,25,25.7
6/14/2015,10:02:57 AM,25,25.7
6/14/2015,10:02:59 AM,25,25.7
6/14/2015,10:03:01 AM,25,25.7
6/14/2015,10:03:03 AM,25,25.7
6/14/2015,10:03:05 AM,25,25.7
6/14/2015,10:03:07 AM,25,25.7
6/14/2015,10:03:09 AM,25,25.7
6/14/2015,10:03:11 AM,25,25.7
6/14/2015,10:03:13 AM,25,25.7
6/14/2015,10:03:15 AM,25,25.7
6/14/2015,10:03:17 AM,25,25.7
6/14/2015,10:03:19 AM,25,25.7
6/14/2015,10:03:21 AM,25,25.6
6/14/2015,10:03:23 AM,25,25.6
6/14/2015,10:03:25 AM,25,25.7
6/14/2015,10:03:27 AM,25,25.7
6/14/2015,10:03:29 AM,25,25.7
6/14/2015,10:03:31 AM,25,25.6
6/14/2015,10:03:33 AM,25,25.6
6/14/2015,10:03:35 AM,25,25.6
6/14/2015,10:03:37 AM,25,25.6
6/14/2015,10:03:39 AM,25,25.6
6/14/2015,10:03:41 AM,25,25.6
6/14/2015,10:03:43 AM,25,25.6
6/14/2015,10:03:45 AM,25,25.6
6/14/2015,10:03:47 AM,25,25.6
6/14/2015,10:03:49 AM,25,25.6
6/14/2015,10:03:51 AM,25,25.6
6/14/2015,10:03:53 AM,25,25.6
6/14/2015,10:03:55 AM,25,25.6
6/14/2015,10:03:57 AM,25,25.6
6/14/2015,10:03:59 AM,25,25.6
6/14/2015,10:04:01 AM,25,25.6
6/14/2015,10:04:03 AM,25,25.6
6/14/2015,10:04:05 AM,25,25.6
6/14/2015,10:04:07 AM,25,25.6
6/14/2015,10:04:09 AM,25,25.6
6/14/2015,10:04:11 AM,25,25.6
6/14/2015,10:04:13 AM,25,25.6
6/14/2015,10:04:15 AM,25,25.6
6/14/2015,10:04:17 AM,25,25.6
6/14/2015,10:04:19 AM,25,25.6
6/14/2015,10:04:21 AM,25,25.6
6/14/2015,10:04:23 AM,25,25.6
6/14/2015,10:04:25 AM,25,25.6
6/14/2015,10:04:27 AM,25,25.6
6/14/2015,10:04:29 AM,25,25.6
6/14/2015,10:04:31 AM,25,25.6
6/14/2015,10:04:33 AM,25,25.6
6/14/2015,10:04:35 AM,25,25.6
6/14/2015,10:04:37 AM,25,25.6
6/14/2015,10:04:39 AM,25,25.6
6/14/2015,10:04:41 AM,25,25.6
6/14/2015,10:04:43 AM,25,25.6
6/14/2015,10:04:45 AM,25,25.6
6/14/2015,10:04:47 AM,25,25.6
6/14/2015,10:04:49 AM,25,25.6
6/14/2015,10:04:51 AM,25,25.6
6/14/2015,10:04:53 AM,25,25.6
6/14/2015,10:04:55 AM,25,25.6
6/14/2015,10:04:57 AM,25,25.6
6/14/2015,10:04:59 AM,25,25.6
6/14/2015,10:05:01 AM,26,25.6
6/14/2015,10:05:03 AM,26,25.6
6/14/2015,10:05:05 AM,26,25.6
6/14/2015,10:05:07 AM,26,25.6
6/14/2015,10:05:09 AM,26,25.6
6/14/2015,10:05:11 AM,26,25.6
6/14/2015,10:05:13 AM,25,25.6
6/14/2015,10:05:15 AM,25,25.6
6/14/2015,10:05:17 AM,25,25.6
6/14/2015,10:05:19 AM,25,25.6
6/14/2015,10:05:21 AM,25,25.6
6/14/2015,10:05:23 AM,25,25.6
6/14/2015,10:05:25 AM,25,25.6
6/14/2015,10:05:27 AM,25,25.6
6/14/2015,10:05:29 AM,25,25.6
6/14/2015,10:05:31 AM,26,25.6
6/14/2015,10:05:33 AM,26,25.6
6/14/2015,10:05:35 AM,26,25.6
6/14/2015,10:05:37 AM,26,25.6
6/14/2015,10:05:39 AM,26,25.6
6/14/2015,10:05:41 AM,26,25.6
6/14/2015,10:05:43 AM,26,25.6
6/14/2015,10:05:45 AM,26,25.6
6/14/2015,10:05:47 AM,26,25.6
6/14/2015,10:05:49 AM,26,25.6
6/14/2015,10:05:51 AM,26,25.6
6/14/2015,10:05:53 AM,26,25.6
6/14/2015,10:05:55 AM,26,25.6
6/14/2015,10:05:57 AM,26,25.6
6/14/2015,10:05:59 AM,26,25.6
6/14/2015,10:06:01 AM,26,25.6
6/14/2015,10:06:03 AM,26,25.6
6/14/2015,10:06:05 AM,27,25.6
6/14/2015,10:06:07 AM,27,25.6
6/14/2015,10:06:09 AM,27,25.6
6/14/2015,10:06:11 AM,27,25.6
6/14/2015,10:06:13 AM,27,25.6
6/14/2015,10:06:15 AM,27,25.6
6/14/2015,10:06:17 AM,27,25.6
6/14/2015,10:06:19 AM,27,25.6
6/14/2015,10:06:21 AM,27,25.6
6/14/2015,10:06:23 AM,27,25.6
6/14/2015,10:06:25 AM,28,25.6
6/14/2015,10:06:27 AM,28,25.6
6/14/2015,10:06:29 AM,28,25.6
6/14/2015,10:06:31 AM,28,25.6
6/14/2015,10:06:33 AM,29,25.6
6/14/2015,10:06:35 AM,29,25.7
6/14/2015,10:06:37 AM,29,25.7
6/14/2015,10:06:39 AM,30,25.7
6/14/2015,10:06:41 AM,30,25.7
6/14/2015,10:06:43 AM,30,25.7
6/14/2015,10:06:45 AM,30,25.7
6/14/2015,10:06:47 AM,30,25.7
6/14/2015,10:06:49 AM,30,25.7
6/14/2015,10:06:51 AM,31,25.7
6/14/2015,10:06:53 AM,32,25.7
6/14/2015,10:06:55 AM,32,25.7
6/14/2015,10:06:57 AM,32,25.7
6/14/2015,10:06:59 AM,33,25.8
6/14/2015,10:07:01 AM,33,25.8
6/14/2015,10:07:03 AM,33,25.8
6/14/2015,10:07:05 AM,33,25.8
6/14/2015,10:07:07 AM,35,25.8
6/14/2015,10:07:09 AM,35,25.8
6/14/2015,10:07:11 AM,36,25.8
6/14/2015,10:07:13 AM,37,25.8
6/14/2015,10:07:15 AM,38,25.8
6/14/2015,10:07:17 AM,39,25.8
6/14/2015,10:07:19 AM,40,25.8
6/14/2015,10:07:21 AM,40,25.9
6/14/2015,10:07:23 AM,40,25.9
6/14/2015,10:07:25 AM,40,25.9
6/14/2015,10:07:27 AM,42,25.9
6/14/2015,10:07:29 AM,43,25.9
6/14/2015,10:07:31 AM,44,25.9
6/14/2015,10:07:33 AM,55,26
6/14/2015,10:07:35 AM,48,26
6/14/2015,10:07:37 AM,54,26
6/14/2015,10:07:39 AM,54,26
6/14/2015,10:07:41 AM,53,26
6/14/2015,10:07:43 AM,54,26.1
6/14/2015,10:07:45 AM,56,26.1
6/14/2015,10:07:47 AM,57,26.1
6/14/2015,10:07:49 AM,59,26.2
6/14/2015,10:07:51 AM,65,26.2
6/14/2015,10:07:53 AM,65,26.2
6/14/2015,10:07:55 AM,65,26.3
6/14/2015,10:07:57 AM,69,26.3
6/14/2015,10:07:59 AM,69,26.4
6/14/2015,10:08:01 AM,69,26.4
6/14/2015,10:08:03 AM,73,26.5
6/14/2015,10:08:05 AM,73,26.5
6/14/2015,10:08:07 AM,76,26.5
6/14/2015,10:08:09 AM,75,26.6
6/14/2015,10:08:11 AM,74,26.7
6/14/2015,10:08:13 AM,74,26.8
6/14/2015,10:08:15 AM,82,26.8
6/14/2015,10:08:17 AM,88,26.9
6/14/2015,10:08:19 AM,88,27
6/14/2015,10:08:21 AM,91,27.1
6/14/2015,10:08:23 AM,89,27.2
6/14/2015,10:08:25 AM,88,27.3
6/14/2015,10:08:27 AM,92,27.4
6/14/2015,10:08:29 AM,92,27.5
6/14/2015,10:08:31 AM,90,27.6
6/14/2015,10:08:33 AM,92,27.7
6/14/2015,10:08:35 AM,93,27.9
6/14/2015,10:08:37 AM,100,28
6/14/2015,10:08:39 AM,103,28.2
6/14/2015,10:08:41 AM,99,28.3
6/14/2015,10:08:43 AM,99,28.5
6/14/2015,10:08:45 AM,101,28.6
6/14/2015,10:08:47 AM,103,28.8
6/14/2015,10:08:49 AM,104,29
6/14/2015,10:08:51 AM,104,29.2
6/14/2015,10:08:53 AM,107,29.4
6/14/2015,10:08:55 AM,106,29.6
6/14/2015,10:08:57 AM,107,29.9
6/14/2015,10:08:59 AM,108,30.1
6/14/2015,10:09:01 AM,112,30.3
6/14/2015,10:09:03 AM,112,30.5
6/14/2015,10:09:05 AM,109,30.7
6/14/2015,10:09:07 AM,105,31
6/14/2015,10:09:09 AM,103,31.2
6/14/2015,10:09:11 AM,102,31.5
6/14/2015,10:09:13 AM,100,31.7
6/14/2015,10:09:15 AM,100,32
6/14/2015,10:09:17 AM,99,32.2
6/14/2015,10:09:19 AM,98,32.5
6/14/2015,10:09:21 AM,97,32.8
6/14/2015,10:09:23 AM,95,33
6/14/2015,10:09:25 AM,93,33.3
6/14/2015,10:09:27 AM,92,33.5
6/14/2015,10:09:29 AM,92,33.8
6/14/2015,10:09:31 AM,92,34
6/14/2015,10:09:33 AM,90,34.3
6/14/2015,10:09:35 AM,89,34.5
6/14/2015,10:09:37 AM,90,34.7
6/14/2015,10:09:39 AM,90,35
6/14/2015,10:09:41 AM,90,35.2
6/14/2015,10:09:43 AM,89,35.5
6/14/2015,10:09:45 AM,88,35.7
6/14/2015,10:09:47 AM,87,35.9
6/14/2015,10:09:49 AM,86,36.2
6/14/2015,10:09:51 AM,86,36.4
6/14/2015,10:09:53 AM,84,36.6
6/14/2015,10:09:55 AM,84,36.8
6/14/2015,10:09:57 AM,84,37
6/14/2015,10:09:59 AM,83,37.3
6/14/2015,10:10:01 AM,82,37.5
6/14/2015,10:10:03 AM,82,37.7
6/14/2015,10:10:05 AM,81,37.9
6/14/2015,10:10:07 AM,81,38.1
6/14/2015,10:10:09 AM,81,38.4
6/14/2015,10:10:11 AM,79,38.6
6/14/2015,10:10:13 AM,77,38.8
6/14/2015,10:10:15 AM,78,39
6/14/2015,10:10:17 AM,76,39.2
6/14/2015,10:10:19 AM,75,39.4
6/14/2015,10:10:21 AM,74,39.5
6/14/2015,10:10:23 AM,74,39.7
6/14/2015,10:10:25 AM,72,39.9
6/14/2015,10:10:27 AM,71,40.1
6/14/2015,10:10:29 AM,70,40.2
6/14/2015,10:10:31 AM,69,40.4
6/14/2015,10:10:33 AM,69,40.5
6/14/2015,10:10:35 AM,68,40.6
6/14/2015,10:10:37 AM,67,40.8
6/14/2015,10:10:39 AM,65,40.9
6/14/2015,10:10:41 AM,65,41
6/14/2015,10:10:43 AM,64,41.1
6/14/2015,10:10:45 AM,63,41.3
6/14/2015,10:10:47 AM,62,41.4
6/14/2015,10:10:49 AM,61,41.5
6/14/2015,10:10:51 AM,61,41.6
6/14/2015,10:10:53 AM,60,41.6
6/14/2015,10:10:55 AM,59,41.7
6/14/2015,10:10:57 AM,59,41.8
6/14/2015,10:10:59 AM,58,41.9
6/14/2015,10:11:01 AM,57,42
6/14/2015,10:11:03 AM,57,42
6/14/2015,10:11:05 AM,56,42.1
6/14/2015,10:11:07 AM,56,42.1
6/14/2015,10:11:09 AM,55,42.2
6/14/2015,10:11:11 AM,55,42.2
6/14/2015,10:11:13 AM,55,42.2
6/14/2015,10:11:15 AM,55,42.3
6/14/2015,10:11:17 AM,53,42.3
6/14/2015,10:11:19 AM,53,42.4
6/14/2015,10:11:21 AM,52,42.4
6/14/2015,10:11:23 AM,51,42.4
6/14/2015,10:11:25 AM,51,42.4
6/14/2015,10:11:27 AM,51,42.4
6/14/2015,10:11:29 AM,51,42.5
6/14/2015,10:11:31 AM,51,42.5
6/14/2015,10:11:33 AM,51,42.5
6/14/2015,10:11:35 AM,51,42.5
6/14/2015,10:11:37 AM,51,42.5
6/14/2015,10:11:39 AM,51,42.5
6/14/2015,10:11:41 AM,49,42.5
6/14/2015,10:11:43 AM,49,42.5
6/14/2015,10:11:45 AM,49,42.5
6/14/2015,10:11:47 AM,49,42.5
6/14/2015,10:11:49 AM,49,42.5
6/14/2015,10:11:51 AM,48,42.5
6/14/2015,10:11:53 AM,48,42.4
6/14/2015,10:11:55 AM,48,42.4
6/14/2015,10:11:57 AM,48,42.4
6/14/2015,10:11:59 AM,48,42.4
6/14/2015,10:12:01 AM,48,42.4
6/14/2015,10:12:03 AM,48,42.4
6/14/2015,10:12:05 AM,47,42.4
6/14/2015,10:12:07 AM,46,42.3
6/14/2015,10:12:09 AM,46,42.3
6/14/2015,10:12:11 AM,45,42.3
6/14/2015,10:12:13 AM,45,42.2
6/14/2015,10:12:15 AM,45,42.2
6/14/2015,10:12:17 AM,45,42.2
6/14/2015,10:12:19 AM,45,42.2
6/14/2015,10:12:21 AM,44,42.1
6/14/2015,10:12:23 AM,44,42.1
6/14/2015,10:12:25 AM,44,42.1
6/14/2015,10:12:27 AM,43,42
6/14/2015,10:12:29 AM,43,42
6/14/2015,10:12:31 AM,42,41.9
6/14/2015,10:12:33 AM,42,41.9
6/14/2015,10:12:35 AM,42,41.9
6/14/2015,10:12:37 AM,42,41.9
6/14/2015,10:12:39 AM,42,41.8
6/14/2015,10:12:41 AM,42,41.8
6/14/2015,10:12:43 AM,41,41.7
6/14/2015,10:12:45 AM,42,41.7
6/14/2015,10:12:47 AM,42,41.6
6/14/2015,10:12:49 AM,42,41.6
6/14/2015,10:12:51 AM,42,41.5
6/14/2015,10:12:53 AM,42,41.5
6/14/2015,10:12:55 AM,41,41.4
6/14/2015,10:12:57 AM,41,41.4
6/14/2015,10:12:59 AM,41,41.3
6/14/2015,10:13:01 AM,40,41.3
6/14/2015,10:13:03 AM,40,41.2
6/14/2015,10:13:05 AM,40,41.2
6/14/2015,10:13:07 AM,40,41.1
6/14/2015,10:13:09 AM,40,41.1
6/14/2015,10:13:11 AM,39,41
6/14/2015,10:13:13 AM,39,40.9
6/14/2015,10:13:15 AM,39,40.9
6/14/2015,10:13:17 AM,38,40.8
6/14/2015,10:13:19 AM,38,40.8
6/14/2015,10:13:21 AM,38,40.7
6/14/2015,10:13:23 AM,37,40.6
6/14/2015,10:13:25 AM,37,40.6
6/14/2015,10:13:27 AM,37,40.5
6/14/2015,10:13:29 AM,37,40.4
6/14/2015,10:13:31 AM,35,40.4
6/14/2015,10:13:33 AM,35,40.3
6/14/2015,10:13:35 AM,34,40.3
6/14/2015,10:13:37 AM,33,40.2
6/14/2015,10:13:39 AM,33,40.1
6/14/2015,10:13:41 AM,33,40.1
6/14/2015,10:13:43 AM,33,40
6/14/2015,10:13:45 AM,33,39.9
6/14/2015,10:13:47 AM,33,39.8
6/14/2015,10:13:49 AM,33,39.8
6/14/2015,10:13:51 AM,33,39.7
6/14/2015,10:13:53 AM,32,39.6
6/14/2015,10:13:55 AM,32,39.5
6/14/2015,10:13:57 AM,31,39.4
6/14/2015,10:13:59 AM,31,39.4
6/14/2015,10:14:01 AM,31,39.3
6/14/2015,10:14:03 AM,30,39.2
6/14/2015,10:14:05 AM,29,39.2
6/14/2015,10:14:07 AM,29,39.1
6/14/2015,10:14:09 AM,29,39
6/14/2015,10:14:11 AM,28,38.9
6/14/2015,10:14:13 AM,27,38.9
6/14/2015,10:14:15 AM,27,38.8
6/14/2015,10:14:17 AM,27,38.7
6/14/2015,10:14:19 AM,27,38.7
6/14/2015,10:14:21 AM,27,38.6
6/14/2015,10:14:23 AM,27,38.5
6/14/2015,10:14:25 AM,27,38.5
6/14/2015,10:14:27 AM,27,38.4
6/14/2015,10:14:29 AM,27,38.3
6/14/2015,10:14:31 AM,27,38.2
6/14/2015,10:14:33 AM,26,38.2
6/14/2015,10:14:35 AM,26,38.1
6/14/2015,10:14:37 AM,26,38
6/14/2015,10:14:39 AM,26,38
6/14/2015,10:14:41 AM,26,37.9
6/14/2015,10:14:43 AM,26,37.8
6/14/2015,10:14:45 AM,26,37.8
6/14/2015,10:14:47 AM,26,37.7
6/14/2015,10:14:49 AM,26,37.6
6/14/2015,10:14:51 AM,26,37.6
6/14/2015,10:14:53 AM,26,37.5
6/14/2015,10:14:55 AM,26,37.5
6/14/2015,10:14:57 AM,26,37.4
6/14/2015,10:14:59 AM,26,37.3
6/14/2015,10:15:01 AM,26,37.3
6/14/2015,10:15:03 AM,26,37.2
6/14/2015,10:15:05 AM,26,37.1
6/14/2015,10:15:07 AM,26,37.1
6/14/2015,10:15:09 AM,26,37
6/14/2015,10:15:11 AM,26,36.9
6/14/2015,10:15:13 AM,26,36.9
6/14/2015,10:15:15 AM,26,36.9
6/14/2015,10:15:17 AM,26,36.8
6/14/2015,10:15:19 AM,26,36.7
6/14/2015,10:15:21 AM,26,36.7
6/14/2015,10:15:23 AM,26,36.7
6/14/2015,10:15:25 AM,26,36.6
6/14/2015,10:15:27 AM,26,36.6
6/14/2015,10:15:29 AM,26,36.5
6/14/2015,10:15:31 AM,26,36.5
6/14/2015,10:15:33 AM,26,36.4
6/14/2015,10:15:35 AM,26,36.4
6/14/2015,10:15:37 AM,26,36.3
6/14/2015,10:15:39 AM,26,36.3
6/14/2015,10:15:41 AM,26,36.2
6/14/2015,10:15:43 AM,26,36.2
6/14/2015,10:15:45 AM,26,36.2
6/14/2015,10:15:47 AM,26,36.1
6/14/2015,10:15:49 AM,26,36.1
6/14/2015,10:15:51 AM,26,36
6/14/2015,10:15:53 AM,26,36
6/14/2015,10:15:55 AM,26,36
6/14/2015,10:15:57 AM,26,35.9
6/14/2015,10:15:59 AM,26,35.9
6/14/2015,10:16:01 AM,26,35.8
6/14/2015,10:16:03 AM,26,35.8
6/14/2015,10:16:05 AM,26,35.8
6/14/2015,10:16:07 AM,27,35.7
6/14/2015,10:16:09 AM,27,35.7
6/14/2015,10:16:11 AM,27,35.7
6/14/2015,10:16:13 AM,27,35.6
6/14/2015,10:16:15 AM,26,35.6
6/14/2015,10:16:17 AM,26,35.5
6/14/2015,10:16:19 AM,26,35.5
6/14/2015,10:16:21 AM,26,35.5
6/14/2015,10:16:23 AM,26,35.4
6/14/2015,10:16:25 AM,26,35.4
6/14/2015,10:16:27 AM,26,35.4
6/14/2015,10:16:29 AM,26,35.3
6/14/2015,10:16:31 AM,26,35.3
6/14/2015,10:16:33 AM,26,35.3
6/14/2015,10:16:35 AM,26,35.2
6/14/2015,10:16:37 AM,26,35.2
6/14/2015,10:16:39 AM,26,35.1
6/14/2015,10:16:41 AM,26,35.1
6/14/2015,10:16:43 AM,26,35.1
6/14/2015,10:16:45 AM,26,35.1
6/14/2015,10:16:47 AM,26,35.1
6/14/2015,10:16:49 AM,26,35
6/14/2015,10:16:51 AM,26,35
6/14/2015,10:16:53 AM,26,35
6/14/2015,10:16:55 AM,26,34.9
6/14/2015,10:16:57 AM,26,34.9
6/14/2015,10:16:59 AM,26,34.9
6/14/2015,10:17:01 AM,26,34.9
6/14/2015,10:17:03 AM,26,34.8
6/14/2015,10:17:05 AM,26,34.8
6/14/2015,10:17:07 AM,26,34.8
6/14/2015,10:17:09 AM,26,34.7
6/14/2015,10:17:11 AM,26,34.7
6/14/2015,10:17:13 AM,26,34.7
6/14/2015,10:17:15 AM,26,34.7
6/14/2015,10:17:17 AM,26,34.7
6/14/2015,10:17:19 AM,26,34.6
6/14/2015,10:17:21 AM,26,34.6
6/14/2015,10:17:23 AM,26,34.6
6/14/2015,10:17:25 AM,26,34.6
6/14/2015,10:17:27 AM,26,34.5
6/14/2015,10:17:29 AM,26,34.5
6/14/2015,10:17:31 AM,26,34.5
6/14/2015,10:17:33 AM,26,34.5
6/14/2015,10:17:35 AM,26,34.5
6/14/2015,10:17:37 AM,26,34.4
6/14/2015,10:17:39 AM,26,34.4
6/14/2015,10:17:41 AM,26,34.4
6/14/2015,10:17:43 AM,26,34.4
6/14/2015,10:17:45 AM,26,34.4
6/14/2015,10:17:47 AM,26,34.3
6/14/2015,10:17:49 AM,26,34.3
6/14/2015,10:17:51 AM,26,34.3
6/14/2015,10:17:53 AM,26,34.3
6/14/2015,10:17:55 AM,26,34.2
6/14/2015,10:17:57 AM,26,34.2
6/14/2015,10:17:59 AM,26,34.2
6/14/2015,10:18:01 AM,26,34.2
6/14/2015,10:18:03 AM,26,34.2
6/14/2015,10:18:05 AM,27,34.2
6/14/2015,10:18:07 AM,27,34.1
6/14/2015,10:18:09 AM,27,34.1
6/14/2015,10:18:11 AM,27,34.1
6/14/2015,10:18:13 AM,27,34.1
6/14/2015,10:18:15 AM,27,34.1
6/14/2015,10:18:17 AM,27,34
6/14/2015,10:18:19 AM,27,34
6/14/2015,10:18:21 AM,27,34
6/14/2015,10:18:23 AM,27,34
6/14/2015,10:18:25 AM,27,34
6/14/2015,10:18:27 AM,27,34
6/14/2015,10:18:29 AM,27,34
6/14/2015,10:18:31 AM,27,33.9
6/14/2015,10:18:33 AM,27,33.9
6/14/2015,10:18:35 AM,27,33.9
6/14/2015,10:18:37 AM,27,33.9
6/14/2015,10:18:39 AM,27,33.9
6/14/2015,10:18:41 AM,27,33.8
6/14/2015,10:18:43 AM,27,33.8
6/14/2015,10:18:45 AM,27,33.8
6/14/2015,10:18:47 AM,27,33.8
6/14/2015,10:18:49 AM,27,33.8
6/14/2015,10:18:51 AM,27,33.8
6/14/2015,10:18:53 AM,27,33.7
6/14/2015,10:18:55 AM,27,33.7
6/14/2015,10:18:57 AM,27,33.7
6/14/2015,10:18:59 AM,27,33.7
6/14/2015,10:19:01 AM,27,33.7
6/14/2015,10:19:03 AM,27,33.7
6/14/2015,10:19:05 AM,27,33.7
6/14/2015,10:19:07 AM,27,33.6
6/14/2015,10:19:09 AM,27,33.6
6/14/2015,10:19:11 AM,27,33.6
6/14/2015,10:19:13 AM,27,33.6
6/14/2015,10:19:15 AM,27,33.6
6/14/2015,10:19:17 AM,27,33.6
6/14/2015,10:19:19 AM,27,33.6
6/14/2015,10:19:21 AM,27,33.5
6/14/2015,10:19:23 AM,27,33.5
6/14/2015,10:19:25 AM,27,33.5
6/14/2015,10:19:27 AM,27,33.5
6/14/2015,10:19:29 AM,27,33.5
6/14/2015,10:19:31 AM,27,33.5
6/14/2015,10:19:33 AM,27,33.5
6/14/2015,10:19:35 AM,27,33.5
6/14/2015,10:19:37 AM,27,33.5
6/14/2015,10:19:39 AM,26,33.4
6/14/2015,10:19:41 AM,26,33.4
6/14/2015,10:19:43 AM,26,33.4
6/14/2015,10:19:45 AM,26,33.4
6/14/2015,10:19:47 AM,26,33.4
6/14/2015,10:19:49 AM,26,33.4
6/14/2015,10:19:51 AM,26,33.3
6/14/2015,10:19:53 AM,26,33.3
6/14/2015,10:19:55 AM,26,33.3
6/14/2015,10:19:57 AM,26,33.3
6/14/2015,10:19:59 AM,26,33.3
6/14/2015,10:20:01 AM,26,33.3
6/14/2015,10:20:03 AM,26,33.3
6/14/2015,10:20:05 AM,26,33.2
6/14/2015,10:20:07 AM,26,33.2
6/14/2015,10:20:09 AM,26,33.2
6/14/2015,10:20:11 AM,26,33.2
6/14/2015,10:20:13 AM,26,33.2
6/14/2015,10:20:15 AM,26,33.2
6/14/2015,10:20:17 AM,26,33.1
6/14/2015,10:20:19 AM,26,33.1
6/14/2015,10:20:21 AM,26,33.1
6/14/2015,10:20:23 AM,26,33.1
6/14/2015,10:20:25 AM,26,33.1
6/14/2015,10:20:27 AM,26,33.1
6/14/2015,10:20:29 AM,26,33.1
6/14/2015,10:20:31 AM,26,33
6/14/2015,10:20:33 AM,26,33
6/14/2015,10:20:35 AM,26,33
6/14/2015,10:20:37 AM,26,33
6/14/2015,10:20:39 AM,26,33
6/14/2015,10:20:41 AM,26,33
6/14/2015,10:20:43 AM,26,33
6/14/2015,10:20:45 AM,26,32.9
6/14/2015,10:20:47 AM,26,32.9
6/14/2015,10:20:49 AM,26,32.9
6/14/2015,10:20:51 AM,26,32.9
6/14/2015,10:20:53 AM,26,32.9
6/14/2015,10:20:55 AM,26,32.9
6/14/2015,10:20:57 AM,26,32.9
6/14/2015,10:20:59 AM,26,32.8
6/14/2015,10:21:01 AM,27,32.8
6/14/2015,10:21:03 AM,27,32.8
6/14/2015,10:21:05 AM,27,32.8
6/14/2015,10:21:07 AM,27,32.8
6/14/2015,10:21:09 AM,27,32.8
6/14/2015,10:21:11 AM,27,32.8
6/14/2015,10:21:13 AM,27,32.8
6/14/2015,10:21:15 AM,27,32.8
6/14/2015,10:21:17 AM,27,32.8
6/14/2015,10:21:19 AM,27,32.8
6/14/2015,10:21:21 AM,27,32.8
6/14/2015,10:21:23 AM,27,32.7
6/14/2015,10:21:25 AM,27,32.7
6/14/2015,10:21:27 AM,26,32.7
6/14/2015,10:21:29 AM,26,32.7
6/14/2015,10:21:31 AM,26,32.7
6/14/2015,10:21:33 AM,26,32.7
6/14/2015,10:21:35 AM,26,32.7
6/14/2015,10:21:37 AM,26,32.7
6/14/2015,10:21:39 AM,26,32.6
6/14/2015,10:21:41 AM,26,32.6
6/14/2015,10:21:43 AM,27,32.6
6/14/2015,10:21:45 AM,27,32.6
6/14/2015,10:21:47 AM,26,32.6
6/14/2015,10:21:49 AM,26,32.6
6/14/2015,10:21:51 AM,26,32.6
6/14/2015,10:21:53 AM,26,32.6
6/14/2015,10:21:55 AM,26,32.6
6/14/2015,10:21:57 AM,26,32.6
6/14/2015,10:21:59 AM,26,32.6
6/14/2015,10:22:01 AM,26,32.5
6/14/2015,10:22:03 AM,26,32.5
6/14/2015,10:22:05 AM,26,32.5
6/14/2015,10:22:07 AM,26,32.5
6/14/2015,10:22:09 AM,26,32.5
6/14/2015,10:22:11 AM,26,32.5
6/14/2015,10:22:13 AM,26,32.5
6/14/2015,10:22:15 AM,26,32.5
6/14/2015,10:22:17 AM,26,32.5
6/14/2015,10:22:19 AM,26,32.5
6/14/2015,10:22:21 AM,26,32.4
6/14/2015,10:22:23 AM,26,32.4
6/14/2015,10:22:25 AM,26,32.4
6/14/2015,10:22:27 AM,26,32.4
6/14/2015,10:22:29 AM,26,32.4
6/14/2015,10:22:31 AM,26,32.4
6/14/2015,10:22:33 AM,26,32.4
6/14/2015,10:22:35 AM,26,32.4
6/14/2015,10:22:37 AM,26,32.4
6/14/2015,10:22:39 AM,26,32.4
6/14/2015,10:22:41 AM,26,32.4
6/14/2015,10:22:43 AM,26,32.4
6/14/2015,10:22:45 AM,26,32.3
6/14/2015,10:22:47 AM,26,32.3
6/14/2015,10:22:49 AM,26,32.3
6/14/2015,10:22:51 AM,26,32.3
6/14/2015,10:22:53 AM,26,32.3
6/14/2015,10:22:55 AM,26,32.3
6/14/2015,10:22:57 AM,26,32.3
6/14/2015,10:22:59 AM,26,32.3
6/14/2015,10:23:01 AM,26,32.3
6/14/2015,10:23:03 AM,26,32.3
6/14/2015,10:23:05 AM,26,32.3
6/14/2015,10:23:07 AM,26,32.2
6/14/2015,10:23:09 AM,26,32.2
6/14/2015,10:23:11 AM,27,32.2
6/14/2015,10:23:13 AM,27,32.2
6/14/2015,10:23:15 AM,27,32.2
6/14/2015,10:23:17 AM,27,32.2
6/14/2015,10:23:19 AM,27,32.2
6/14/2015,10:23:21 AM,27,32.2
6/14/2015,10:23:23 AM,27,32.2
6/14/2015,10:23:25 AM,27,32.2
6/14/2015,10:23:27 AM,27,32.2
6/14/2015,10:23:29 AM,27,32.2
6/14/2015,10:23:31 AM,26,32.1
6/14/2015,10:23:33 AM,26,32.1
6/14/2015,10:23:35 AM,26,32.1
6/14/2015,10:23:37 AM,26,32.1
6/14/2015,10:23:39 AM,26,32.1
6/14/2015,10:23:41 AM,26,32.1
6/14/2015,10:23:43 AM,26,32.1
6/14/2015,10:23:45 AM,26,32.1
6/14/2015,10:23:47 AM,26,32.1
6/14/2015,10:23:49 AM,26,32.1
6/14/2015,10:23:51 AM,26,32.1
6/14/2015,10:23:53 AM,26,32.1
6/14/2015,10:23:55 AM,26,32.1
6/14/2015,10:23:57 AM,26,32.1
6/14/2015,10:23:59 AM,26,32.1
6/14/2015,10:24:01 AM,26,32.1
6/14/2015,10:24:03 AM,27,32.1
6/14/2015,10:24:05 AM,27,32.1
6/14/2015,10:24:07 AM,27,32
6/14/2015,10:24:09 AM,27,32
6/14/2015,10:24:11 AM,27,32
6/14/2015,10:24:13 AM,27,32
6/14/2015,10:24:15 AM,27,32
6/14/2015,10:24:17 AM,27,32
6/14/2015,10:24:19 AM,27,32
6/14/2015,10:24:21 AM,27,32
6/14/2015,10:24:23 AM,27,32
6/14/2015,10:24:25 AM,27,31.9
6/14/2015,10:24:27 AM,27,31.9
6/14/2015,10:24:29 AM,27,31.9
6/14/2015,10:24:31 AM,27,31.9
6/14/2015,10:24:33 AM,27,31.9
6/14/2015,10:24:35 AM,27,31.9
6/14/2015,10:24:37 AM,27,31.9
6/14/2015,10:24:39 AM,27,31.9
6/14/2015,10:24:41 AM,27,31.9
6/14/2015,10:24:43 AM,27,31.9
6/14/2015,10:24:45 AM,27,31.9
6/14/2015,10:24:47 AM,27,31.9
6/14/2015,10:24:49 AM,27,31.9
6/14/2015,10:24:51 AM,27,31.9
6/14/2015,10:24:53 AM,27,31.9
6/14/2015,10:24:55 AM,27,31.9
6/14/2015,10:24:57 AM,27,31.9
6/14/2015,10:24:59 AM,27,31.9
6/14/2015,10:25:01 AM,27,31.9
6/14/2015,10:25:03 AM,27,31.9
6/14/2015,10:25:05 AM,27,31.9
6/14/2015,10:25:07 AM,27,31.9
6/14/2015,10:25:09 AM,27,31.9
6/14/2015,10:25:11 AM,27,31.9
6/14/2015,10:25:13 AM,27,31.9
6/14/2015,10:25:15 AM,27,31.9
6/14/2015,10:25:17 AM,27,31.8
6/14/2015,10:25:19 AM,27,31.8
6/14/2015,10:25:21 AM,27,31.8
6/14/2015,10:25:23 AM,27,31.8
6/14/2015,10:25:25 AM,27,31.8
6/14/2015,10:25:27 AM,27,31.8
6/14/2015,10:25:29 AM,27,31.8
6/14/2015,10:25:31 AM,27,31.8
6/14/2015,10:25:33 AM,27,31.8
6/14/2015,10:25:35 AM,27,31.8
6/14/2015,10:25:37 AM,27,31.8
6/14/2015,10:25:39 AM,27,31.8
6/14/2015,10:25:41 AM,27,31.8
6/14/2015,10:25:43 AM,27,31.8
6/14/2015,10:25:45 AM,27,31.8
6/14/2015,10:25:47 AM,27,31.8
6/14/2015,10:25:49 AM,27,31.8
6/14/2015,10:25:51 AM,27,31.8
6/14/2015,10:25:53 AM,27,31.8
6/14/2015,10:25:55 AM,27,31.8
6/14/2015,10:25:57 AM,27,31.8
6/14/2015,10:25:59 AM,27,31.8
6/14/2015,10:26:01 AM,27,31.8
6/14/2015,10:26:03 AM,27,31.8
6/14/2015,10:26:05 AM,27,31.8
6/14/2015,10:26:07 AM,27,31.8
6/14/2015,10:26:09 AM,27,31.7
6/14/2015,10:26:11 AM,27,31.8
6/14/2015,10:26:13 AM,27,31.8
6/14/2015,10:26:15 AM,27,31.7
6/14/2015,10:26:17 AM,27,31.7
6/14/2015,10:26:19 AM,27,31.7
6/14/2015,10:26:21 AM,27,31.7
6/14/2015,10:26:23 AM,27,31.7
6/14/2015,10:26:25 AM,27,31.7
6/14/2015,10:26:27 AM,27,31.7
6/14/2015,10:26:29 AM,27,31.7
6/14/2015,10:26:31 AM,27,31.7
6/14/2015,10:26:33 AM,27,31.7
6/14/2015,10:26:35 AM,27,31.7
6/14/2015,10:26:37 AM,27,31.7
6/14/2015,10:26:39 AM,27,31.7
6/14/2015,10:26:41 AM,27,31.7
6/14/2015,10:26:43 AM,27,31.7
6/14/2015,10:26:45 AM,27,31.7
6/14/2015,10:26:47 AM,27,31.7
6/14/2015,10:26:49 AM,27,31.7
6/14/2015,10:26:51 AM,27,31.7
6/14/2015,10:26:53 AM,27,31.7
6/14/2015,10:26:55 AM,27,31.7
6/14/2015,10:26:57 AM,27,31.7
6/14/2015,10:26:59 AM,27,31.7
6/14/2015,10:27:01 AM,27,31.7
6/14/2015,10:27:03 AM,28,31.7
6/14/2015,10:27:05 AM,28,31.7
6/14/2015,10:27:07 AM,28,31.7
6/14/2015,10:27:09 AM,27,31.7
6/14/2015,10:27:11 AM,27,31.7
6/14/2015,10:27:13 AM,27,31.7
6/14/2015,10:27:15 AM,27,31.7
6/14/2015,10:27:17 AM,27,31.7
6/14/2015,10:27:19 AM,27,31.7
6/14/2015,10:27:21 AM,27,31.7
6/14/2015,10:27:23 AM,27,31.7
6/14/2015,10:27:25 AM,27,31.7
6/14/2015,10:27:27 AM,27,31.7
6/14/2015,10:27:29 AM,27,31.7
6/14/2015,10:27:31 AM,27,31.7
6/14/2015,10:27:33 AM,27,31.7
6/14/2015,10:27:35 AM,27,31.7
6/14/2015,10:27:37 AM,27,31.7
6/14/2015,10:27:39 AM,27,31.7
6/14/2015,10:27:41 AM,27,31.7
6/14/2015,10:27:43 AM,27,31.7
6/14/2015,10:27:45 AM,27,31.7
6/14/2015,10:27:47 AM,27,31.7
6/14/2015,10:27:49 AM,27,31.7
6/14/2015,10:27:51 AM,27,31.7
6/14/2015,10:27:53 AM,28,31.7
6/14/2015,10:27:55 AM,28,31.7
6/14/2015,10:27:57 AM,28,31.7
6/14/2015,10:27:59 AM,28,31.7
6/14/2015,10:28:01 AM,28,31.7
6/14/2015,10:28:03 AM,28,31.7
6/14/2015,10:28:05 AM,28,31.7
6/14/2015,10:28:07 AM,28,31.7
6/14/2015,10:28:09 AM,28,31.7
6/14/2015,10:28:11 AM,28,31.7
6/14/2015,10:28:13 AM,28,31.7
6/14/2015,10:28:15 AM,28,31.7
6/14/2015,10:28:17 AM,28,31.7
6/14/2015,10:28:19 AM,28,31.7
6/14/2015,10:28:21 AM,28,31.7
6/14/2015,10:28:23 AM,27,31.7
6/14/2015,10:28:25 AM,27,31.7
6/14/2015,10:28:27 AM,27,31.7
6/14/2015,10:28:29 AM,27,31.7
6/14/2015,10:28:31 AM,27,31.7
6/14/2015,10:28:33 AM,27,31.7
6/14/2015,10:28:35 AM,27,31.7
6/14/2015,10:28:37 AM,27,31.7
6/14/2015,10:28:39 AM,27,31.7
6/14/2015,10:28:41 AM,27,31.7
6/14/2015,10:28:43 AM,27,31.8
6/14/2015,10:28:45 AM,27,31.8
6/14/2015,10:28:47 AM,28,31.8
6/14/2015,10:28:49 AM,28,31.8
6/14/2015,10:28:51 AM,28,31.8
6/14/2015,10:28:53 AM,28,31.8
6/14/2015,10:28:55 AM,28,31.8
6/14/2015,10:28:57 AM,28,31.8
6/14/2015,10:28:59 AM,28,31.8
6/14/2015,10:29:01 AM,28,31.8
6/14/2015,10:29:03 AM,28,31.8
6/14/2015,10:29:05 AM,28,31.8
6/14/2015,10:29:07 AM,28,31.8
6/14/2015,10:29:09 AM,28,31.8
6/14/2015,10:29:11 AM,28,31.9
6/14/2015,10:29:13 AM,28,31.9
6/14/2015,10:29:15 AM,28,31.9
6/14/2015,10:29:17 AM,28,31.9
6/14/2015,10:29:19 AM,28,31.9
6/14/2015,10:29:21 AM,28,31.9
6/14/2015,10:29:23 AM,28,31.9
6/14/2015,10:29:25 AM,28,31.9
6/14/2015,10:29:27 AM,28,31.9
6/14/2015,10:29:29 AM,28,31.9
6/14/2015,10:29:31 AM,29,31.9
6/14/2015,10:29:33 AM,29,31.9
6/14/2015,10:29:35 AM,30,31.9
6/14/2015,10:29:37 AM,30,31.9
6/14/2015,10:29:39 AM,30,31.9
6/14/2015,10:29:41 AM,30,31.9
6/14/2015,10:29:43 AM,30,32
6/14/2015,10:29:45 AM,30,32
6/14/2015,10:29:47 AM,30,32
6/14/2015,10:29:49 AM,30,32
6/14/2015,10:29:51 AM,30,32
6/14/2015,10:29:53 AM,29,32
6/14/2015,10:29:55 AM,29,32
6/14/2015,10:29:57 AM,29,32
6/14/2015,10:29:59 AM,29,32
6/14/2015,10:30:01 AM,29,32
6/14/2015,10:30:03 AM,29,32.1
6/14/2015,10:30:05 AM,29,32.1
6/14/2015,10:30:07 AM,29,32.1
6/14/2015,10:30:09 AM,29,32.1
6/14/2015,10:30:11 AM,29,32.1
6/14/2015,10:30:13 AM,28,32.1
6/14/2015,10:30:15 AM,28,32.1
6/14/2015,10:30:17 AM,28,32.1
6/14/2015,10:30:19 AM,28,32.2
6/14/2015,10:30:21 AM,28,32.2
6/14/2015,10:30:23 AM,28,32.2
6/14/2015,10:30:25 AM,28,32.2
6/14/2015,10:30:27 AM,28,32.2
6/14/2015,10:30:29 AM,28,32.2
6/14/2015,10:30:31 AM,28,32.2
6/14/2015,10:30:33 AM,28,32.2
6/14/2015,10:30:35 AM,28,32.2
6/14/2015,10:30:37 AM,28,32.2
6/14/2015,10:30:39 AM,28,32.3
6/14/2015,10:30:41 AM,28,32.3
6/14/2015,10:30:43 AM,28,32.3
6/14/2015,10:30:45 AM,28,32.3
6/14/2015,10:30:47 AM,28,32.3
6/14/2015,10:30:49 AM,28,32.3
6/14/2015,10:30:51 AM,28,32.4
6/14/2015,10:30:53 AM,28,32.4
6/14/2015,10:30:55 AM,28,32.4
6/14/2015,10:30:57 AM,28,32.4
6/14/2015,10:30:59 AM,28,32.4
6/14/2015,10:31:01 AM,28,32.4
6/14/2015,10:31:03 AM,28,32.4
6/14/2015,10:31:05 AM,28,32.4
6/14/2015,10:31:07 AM,28,32.4
6/14/2015,10:31:09 AM,28,32.4
6/14/2015,10:31:11 AM,28,32.4
6/14/2015,10:31:13 AM,28,32.5
6/14/2015,10:31:15 AM,28,32.5
6/14/2015,10:31:17 AM,28,32.5
6/14/2015,10:31:19 AM,28,32.5
6/14/2015,10:31:21 AM,28,32.5
6/14/2015,10:31:23 AM,28,32.5
6/14/2015,10:31:25 AM,28,32.5
6/14/2015,10:31:27 AM,28,32.5
6/14/2015,10:31:29 AM,28,32.6
6/14/2015,10:31:31 AM,28,32.6
6/14/2015,10:31:33 AM,28,32.6
6/14/2015,10:31:35 AM,28,32.6
6/14/2015,10:31:37 AM,28,32.6
6/14/2015,10:31:39 AM,28,32.6
6/14/2015,10:31:41 AM,29,32.6
6/14/2015,10:31:43 AM,29,32.6
6/14/2015,10:31:45 AM,30,32.6
6/14/2015,10:31:47 AM,30,32.6
6/14/2015,10:31:49 AM,29,32.6
6/14/2015,10:31:51 AM,29,32.7
6/14/2015,10:31:53 AM,29,32.7
6/14/2015,10:31:55 AM,29,32.7
6/14/2015,10:31:57 AM,28,32.7
6/14/2015,10:31:59 AM,28,32.7
6/14/2015,10:32:01 AM,28,32.7
6/14/2015,10:32:03 AM,28,32.7
6/14/2015,10:32:05 AM,28,32.7
6/14/2015,10:32:07 AM,28,32.7
6/14/2015,10:32:09 AM,28,32.7
6/14/2015,10:32:11 AM,28,32.8
6/14/2015,10:32:13 AM,28,32.8
6/14/2015,10:32:15 AM,28,32.8
6/14/2015,10:32:17 AM,28,32.8
6/14/2015,10:32:19 AM,28,32.8
6/14/2015,10:32:21 AM,28,32.8
6/14/2015,10:32:23 AM,27,32.8
6/14/2015,10:32:25 AM,27,32.8
6/14/2015,10:32:27 AM,27,32.8
6/14/2015,10:32:29 AM,27,32.8
6/14/2015,10:32:31 AM,27,32.9
6/14/2015,10:32:33 AM,28,32.9
6/14/2015,10:32:35 AM,28,32.9
6/14/2015,10:32:37 AM,28,32.9
6/14/2015,10:32:39 AM,28,32.9
6/14/2015,10:32:41 AM,28,32.9
6/14/2015,10:32:43 AM,28,32.9
6/14/2015,10:32:45 AM,28,32.9
6/14/2015,10:32:47 AM,28,32.9
6/14/2015,10:32:49 AM,28,32.9
6/14/2015,10:32:51 AM,28,32.9
6/14/2015,10:32:53 AM,28,32.9
6/14/2015,10:32:55 AM,28,32.9
6/14/2015,10:32:57 AM,28,32.9
6/14/2015,10:32:59 AM,28,32.9
6/14/2015,10:33:01 AM,28,33
6/14/2015,10:33:03 AM,28,33
6/14/2015,10:33:05 AM,28,33
6/14/2015,10:33:07 AM,28,33
6/14/2015,10:33:09 AM,28,33
6/14/2015,10:33:11 AM,28,33
6/14/2015,10:33:13 AM,29,33
6/14/2015,10:33:15 AM,29,33.1
6/14/2015,10:33:17 AM,29,33.1
6/14/2015,10:33:19 AM,29,33.1
6/14/2015,10:33:21 AM,29,33.1
6/14/2015,10:33:23 AM,28,33.1
6/14/2015,10:33:25 AM,28,33.1
6/14/2015,10:33:27 AM,28,33.1
6/14/2015,10:33:29 AM,28,33.1
6/14/2015,10:33:31 AM,28,33.1
6/14/2015,10:33:33 AM,28,33.1
6/14/2015,10:33:35 AM,28,33.1
6/14/2015,10:33:37 AM,28,33.1
6/14/2015,10:33:39 AM,28,33.2
6/14/2015,10:33:41 AM,28,33.2
6/14/2015,10:33:43 AM,28,33.2
6/14/2015,10:33:45 AM,29,33.2
6/14/2015,10:33:47 AM,29,33.2
6/14/2015,10:33:49 AM,29,33.2
6/14/2015,10:33:51 AM,29,33.2
6/14/2015,10:33:53 AM,29,33.2
6/14/2015,10:33:55 AM,29,33.3
6/14/2015,10:33:57 AM,29,33.3
6/14/2015,10:33:59 AM,29,33.3
6/14/2015,10:34:01 AM,29,33.3
6/14/2015,10:34:03 AM,29,33.3
6/14/2015,10:34:05 AM,29,33.3
6/14/2015,10:34:07 AM,29,33.3
6/14/2015,10:34:09 AM,29,33.3
6/14/2015,10:34:11 AM,29,33.3
6/14/2015,10:34:13 AM,29,33.4
6/14/2015,10:34:15 AM,29,33.4
6/14/2015,10:34:17 AM,29,33.4
6/14/2015,10:34:19 AM,29,33.4
6/14/2015,10:34:21 AM,29,33.4
6/14/2015,10:34:23 AM,29,33.4
6/14/2015,10:34:25 AM,29,33.4
6/14/2015,10:34:27 AM,29,33.4
6/14/2015,10:34:29 AM,29,33.4
6/14/2015,10:34:31 AM,29,33.4
6/14/2015,10:34:33 AM,29,33.4
6/14/2015,10:34:35 AM,29,33.5
6/14/2015,10:34:37 AM,29,33.5
6/14/2015,10:34:39 AM,29,33.5
6/14/2015,10:34:41 AM,29,33.5
6/14/2015,10:34:43 AM,30,33.5
6/14/2015,10:34:45 AM,30,33.5
6/14/2015,10:34:47 AM,29,33.6
6/14/2015,10:34:49 AM,29,33.6
6/14/2015,10:34:51 AM,28,33.6
6/14/2015,10:34:53 AM,28,33.6
6/14/2015,10:34:55 AM,28,33.6
6/14/2015,10:34:57 AM,28,33.6
6/14/2015,10:34:59 AM,28,33.6
6/14/2015,10:35:01 AM,29,33.6
6/14/2015,10:35:03 AM,29,33.6
6/14/2015,10:35:05 AM,29,33.6
6/14/2015,10:35:07 AM,29,33.7
6/14/2015,10:35:09 AM,29,33.7
6/14/2015,10:35:11 AM,29,33.7
6/14/2015,10:35:13 AM,29,33.7
6/14/2015,10:35:15 AM,29,33.7
6/14/2015,10:35:17 AM,29,33.7
6/14/2015,10:35:19 AM,29,33.8
6/14/2015,10:35:21 AM,29,33.8
6/14/2015,10:35:23 AM,29,33.8
6/14/2015,10:35:25 AM,29,33.8
6/14/2015,10:35:27 AM,29,33.8
6/14/2015,10:35:29 AM,29,33.8
6/14/2015,10:35:31 AM,29,33.8
6/14/2015,10:35:33 AM,29,33.8
6/14/2015,10:35:35 AM,29,33.8
6/14/2015,10:35:37 AM,29,33.8
6/14/2015,10:35:39 AM,29,33.8
6/14/2015,10:35:41 AM,29,33.9
6/14/2015,10:35:43 AM,29,33.9
6/14/2015,10:35:45 AM,29,33.9
6/14/2015,10:35:47 AM,29,33.9
6/14/2015,10:35:49 AM,29,33.9
6/14/2015,10:35:51 AM,29,33.9
6/14/2015,10:35:53 AM,29,33.9
6/14/2015,10:35:55 AM,29,34
6/14/2015,10:35:57 AM,31,34
6/14/2015,10:35:59 AM,31,34
6/14/2015,10:36:01 AM,31,34
6/14/2015,10:36:03 AM,31,34
6/14/2015,10:36:05 AM,31,34
6/14/2015,10:36:07 AM,31,34
6/14/2015,10:36:09 AM,31,34
6/14/2015,10:36:11 AM,31,34
6/14/2015,10:36:13 AM,31,34.1
6/14/2015,10:36:15 AM,31,34.1
6/14/2015,10:36:17 AM,31,34.1
6/14/2015,10:36:19 AM,31,34.1
6/14/2015,10:36:21 AM,31,34.1
6/14/2015,10:36:23 AM,31,34.1
6/14/2015,10:36:25 AM,31,34.1
6/14/2015,10:36:27 AM,31,34.2
6/14/2015,10:36:29 AM,31,34.2
6/14/2015,10:36:31 AM,31,34.2
6/14/2015,10:36:33 AM,30,34.2
6/14/2015,10:36:35 AM,30,34.2
6/14/2015,10:36:37 AM,30,34.3
6/14/2015,10:36:39 AM,30,34.3
6/14/2015,10:36:41 AM,30,34.3
6/14/2015,10:36:43 AM,30,34.3
6/14/2015,10:36:45 AM,30,34.3
6/14/2015,10:36:47 AM,29,34.4
6/14/2015,10:36:49 AM,29,34.4
6/14/2015,10:36:51 AM,29,34.4
6/14/2015,10:36:53 AM,29,34.4
6/14/2015,10:36:55 AM,29,34.4
6/14/2015,10:36:57 AM,29,34.5
6/14/2015,10:36:59 AM,30,34.5
6/14/2015,10:37:01 AM,30,34.5
6/14/2015,10:37:03 AM,30,34.6
6/14/2015,10:37:05 AM,30,34.6
6/14/2015,10:37:07 AM,30,34.6
6/14/2015,10:37:09 AM,30,34.6
6/14/2015,10:37:11 AM,30,34.6
6/14/2015,10:37:13 AM,30,34.6
6/14/2015,10:37:15 AM,29,34.6
6/14/2015,10:37:17 AM,29,34.7
6/14/2015,10:37:19 AM,29,34.7
6/14/2015,10:37:21 AM,29,34.7
6/14/2015,10:37:23 AM,29,34.7
6/14/2015,10:37:25 AM,29,34.8
6/14/2015,10:37:27 AM,29,34.8
6/14/2015,10:37:29 AM,29,34.8
6/14/2015,10:37:31 AM,29,34.8
6/14/2015,10:37:33 AM,29,34.8
6/14/2015,10:37:35 AM,29,34.9
6/14/2015,10:37:37 AM,28,34.9
6/14/2015,10:37:39 AM,28,34.9
6/14/2015,10:37:41 AM,28,34.9
6/14/2015,10:37:43 AM,28,34.9
6/14/2015,10:37:45 AM,28,35
6/14/2015,10:37:47 AM,28,35
6/14/2015,10:37:49 AM,28,35
6/14/2015,10:37:51 AM,28,35
6/14/2015,10:37:53 AM,28,35
6/14/2015,10:37:55 AM,28,35
6/14/2015,10:37:57 AM,28,35.1
6/14/2015,10:37:59 AM,28,35.1
6/14/2015,10:38:01 AM,28,35.1
6/14/2015,10:38:03 AM,28,35.1
6/14/2015,10:38:05 AM,28,35.1
6/14/2015,10:38:07 AM,28,35.1
6/14/2015,10:38:09 AM,28,35.2
6/14/2015,10:38:11 AM,28,35.2
6/14/2015,10:38:13 AM,28,35.2
6/14/2015,10:38:15 AM,28,35.2
6/14/2015,10:38:17 AM,28,35.2
6/14/2015,10:38:19 AM,28,35.2
6/14/2015,10:38:21 AM,28,35.2
6/14/2015,10:38:23 AM,28,35.2
6/14/2015,10:38:25 AM,28,35.3
6/14/2015,10:38:27 AM,28,35.3
6/14/2015,10:38:29 AM,28,35.3
6/14/2015,10:38:31 AM,28,35.3
6/14/2015,10:38:33 AM,28,35.3
6/14/2015,10:38:35 AM,28,35.3
6/14/2015,10:38:37 AM,28,35.3
6/14/2015,10:38:39 AM,28,35.3
6/14/2015,10:38:41 AM,28,35.3
6/14/2015,10:38:43 AM,28,35.3
6/14/2015,10:38:45 AM,28,35.4
6/14/2015,10:38:47 AM,28,35.4
6/14/2015,10:38:49 AM,28,35.4
6/14/2015,10:38:51 AM,28,35.4
6/14/2015,10:38:53 AM,28,35.4
6/14/2015,10:38:55 AM,28,35.4
6/14/2015,10:38:57 AM,28,35.4
6/14/2015,10:38:59 AM,28,35.4
6/14/2015,10:39:01 AM,28,35.4
6/14/2015,10:39:03 AM,28,35.4
6/14/2015,10:39:05 AM,28,35.4
6/14/2015,10:39:07 AM,28,35.4
6/14/2015,10:39:09 AM,28,35.4
6/14/2015,10:39:11 AM,28,35.4
6/14/2015,10:39:13 AM,28,35.4
6/14/2015,10:39:15 AM,28,35.4
6/14/2015,10:39:17 AM,28,35.4
6/14/2015,10:39:19 AM,28,35.4
6/14/2015,10:39:21 AM,27,35.4
6/14/2015,10:39:23 AM,27,35.4
6/14/2015,10:39:25 AM,27,35.4
6/14/2015,10:39:27 AM,27,35.4
6/14/2015,10:39:29 AM,27,35.4
6/14/2015,10:39:31 AM,27,35.4
6/14/2015,10:39:33 AM,27,35.4
6/14/2015,10:39:35 AM,27,35.4
6/14/2015,10:39:37 AM,27,35.4
6/14/2015,10:39:39 AM,27,35.4
6/14/2015,10:39:41 AM,27,35.4
6/14/2015,10:39:43 AM,27,35.4
6/14/2015,10:39:45 AM,27,35.4
6/14/2015,10:39:47 AM,27,35.4
6/14/2015,10:39:49 AM,27,35.4
6/14/2015,10:39:51 AM,27,35.3
6/14/2015,10:39:53 AM,27,35.3
6/14/2015,10:39:55 AM,27,35.3
6/14/2015,10:39:57 AM,27,35.3
6/14/2015,10:39:59 AM,27,35.3
6/14/2015,10:40:01 AM,27,35.3
6/14/2015,10:40:03 AM,27,35.2
6/14/2015,10:40:05 AM,27,35.2
6/14/2015,10:40:07 AM,27,35.2
6/14/2015,10:40:09 AM,27,35.2
6/14/2015,10:40:11 AM,27,35.2
6/14/2015,10:40:13 AM,27,35.1
6/14/2015,10:40:15 AM,27,35.1
6/14/2015,10:40:17 AM,27,35.1
6/14/2015,10:40:19 AM,27,35.1
6/14/2015,10:40:21 AM,27,35
6/14/2015,10:40:23 AM,27,35
6/14/2015,10:40:25 AM,27,35
6/14/2015,10:40:27 AM,27,35
6/14/2015,10:40:29 AM,27,34.9
6/14/2015,10:40:31 AM,27,34.9
6/14/2015,10:40:33 AM,27,34.9
6/14/2015,10:40:35 AM,27,34.9
6/14/2015,10:40:37 AM,27,34.9
6/14/2015,10:40:39 AM,27,34.8
6/14/2015,10:40:41 AM,27,34.8
6/14/2015,10:40:43 AM,27,34.8
6/14/2015,10:40:45 AM,27,34.8
6/14/2015,10:40:47 AM,27,34.7
6/14/2015,10:40:49 AM,27,34.7
6/14/2015,10:40:51 AM,27,34.7
6/14/2015,10:40:53 AM,29,34.7
6/14/2015,10:40:55 AM,28,34.6
6/14/2015,10:40:57 AM,28,34.6
6/14/2015,10:40:59 AM,28,34.6
6/14/2015,10:41:01 AM,28,34.6
